# Polygon Cache
v -443.772217 -0.099731 326.853516
v -420.159790 -0.100098 384.696198
v -382.565674 -0.100098 424.143402
v -319.101196 -0.099731 438.334167
v -268.747925 -0.099854 422.691467
v -221.360718 -0.099976 382.497009
v -200.666992 -0.099854 316.270874
v -213.403015 -0.099854 262.244751
v -256.603394 -0.099854 213.442383
v -325.697754 -0.099976 197.416931
v -385.187622 -0.100098 214.222626
v -426.156006 -0.099976 260.586395
#
v 8.182434 -0.099731 118.978027
v 38.005981 -0.099854 207.440308
v 120.388550 -0.099731 241.214111
v 213.076782 -0.099854 202.636719
v 241.739380 -0.099976 114.532318
v 205.859497 -0.099976 30.039307
v 128.365112 -0.099976 -5.869873
v 34.033691 -0.099854 34.682861
#
v 409.376831 -0.099854 -275.734619
v 419.353149 -0.099976 -220.582886
v 459.675415 -0.099976 -183.129517
v 520.759155 -0.099854 -172.491531
v 577.305786 -0.099976 -180.630371
v 615.638550 -0.099976 -220.978027
v 632.734619 -0.099854 -281.840332
v 617.531250 -0.100220 -341.623901
v 576.669312 -0.100098 -380.981567
v 518.078979 -0.099976 -392.051514
v 456.197449 -0.099976 -377.482056
v 419.603851 -0.099976 -335.847900
#
v 328.978760 -0.099854 442.869385
v 355.949829 -0.099854 524.503540
v 436.888916 -0.099976 552.769653
v 516.825256 -0.099854 515.100464
v 547.953857 -0.099976 445.335327
v 521.551880 -0.099854 365.716278
v 440.840820 -0.099976 324.258057
v 365.161102 -0.099976 354.043701
#
v 523.773499 -0.099976 437.156616
v 561.911743 -0.100098 419.346436
v 574.941650 -0.099854 384.369385
v 557.666626 -0.099854 334.843384
v 520.542908 -0.099854 323.329224
v 486.389221 -0.099976 334.107910
v 470.512268 -0.099731 378.831909
v 484.515808 -0.099731 416.994751
#
v 495.885498 -0.099976 537.656128
v 517.345703 -0.099976 550.291565
v 542.685059 -0.099976 542.007019
v 552.469727 -0.099854 519.585144
v 546.070923 -0.100098 499.010193
v 523.921692 -0.100098 481.882446
v 506.114014 -0.100098 495.166992
v 490.421631 -0.100098 512.885254
#
v -286.067108 -0.099731 -548.427124
v -385.371857 -0.099854 -550.164062
v -385.308594 -0.099854 -488.791290
v -285.680298 -0.099854 -489.430298
#
v -450.150513 -0.099976 -556.376038
v -526.792236 -0.099976 -525.945435
v -559.359802 -0.099854 -445.261230
v -524.264221 -0.099976 -352.886108
v -442.971558 -0.099854 -319.310211
v -362.206055 -0.099854 -352.028076
v -324.354492 -0.100098 -438.439453
v -356.041260 -0.099976 -517.962830
#
v -605.946045 -0.100098 -915.539551
v -632.990356 -0.100098 -908.237305
v -644.029663 -0.099976 -889.875366
v -626.957642 -0.099976 -857.316284
v -603.142822 -0.099976 -843.424683
v -581.019531 -0.099609 -853.088501
v -568.226074 -0.099854 -866.540283
v -571.861328 -0.100098 -891.964722
#
v -626.317139 -0.099731 -688.930054
v -594.217163 -0.099976 -684.174561
v -574.727783 -0.099854 -697.066406
v -570.396606 -0.099976 -722.074463
v -577.395508 -0.099976 -745.929321
v -594.737000 -0.099854 -755.179077
v -618.154846 -0.099976 -747.085938
v -637.253601 -0.100098 -722.633545
#
v -913.187134 -0.099731 -682.886902
v -687.307007 -0.099854 -680.563232
v -683.012329 -0.099854 -918.740173
v -915.174316 -0.099854 -910.218323
#